37,7
27,5
28,4
28,1
28,3
32,4
32,1
32,3
33,5
33,1
33,3
36,4
36,1
36,3
30,4
31,1
31,3
30,5
30,1
30,3
29,1
29,3
37,5
37,1
37,3
27,4
27,1
27,3
26,4
26,1
26,3
35,32
35,31
35,30
35,29
35,28
35,27
35,26
35,25
35,24
35,23
35,22
35,21
35,20
35,19
35,18
35,17
35,16
35,15
35,14
35,13
35,12
35,11
35,10
35,9
35,8
35,5
35,6
38,35
3,2
10,82
10,200
10,114
10,262
10,232
10,118
10,66
10,250
10,2
10,3
11,10
11,12
11,6
11,16
11,18
11,4
11,14
11,8
9,4
9,6
9,2
9,3
8,6
8,17
8,11
8,18
8,2
8,3
20,3
20,2
20,1
19,3
19,2
19,1
12,3
12,2
12,1
11,27
11,26
11,25
11,24
11,23
11,22
11,21
11,20
11,19
11,17
11,15
11,9
11,7
11,5
11,3
11,2
11,1
10,309
10,308
10,307
10,306
10,305
10,304
10,303
10,302
10,301
10,300
